1   8   13  false7.000000            
2   11  15  true 25.000000           
3   7   14  true 25.000000           
4   10  18  false10.000000           
5   11  23  false14.000000           
6   11  22  false13.000000           
7   11  14  false5.000000            
8   10  19  false11.000000           
9   9   18  false11.000000           
10  10  19  false11.000000           
11  11  15  false6.000000            
12  10  19  false11.000000           
13  7   16  false11.000000           
14  12  23  false13.000000           
15  12  22  true 25.000000           
16  11  20  false11.000000           
17  9   17  false10.000000           
18  10  17  true 25.000000           
19  7   13  false8.000000            
20  7   13  false8.000000            
21  12  19  true 25.000000           
22  9   17  false10.000000           
23  9   19  false12.000000           
24  8   15  false9.000000            
25  9   17  false10.000000           
26  8   20  false14.000000           
27  10  17  false9.000000            
28  7   16  false11.000000           
29  12  19  false9.000000            
30  10  13  false5.000000            
31  12  15  false5.000000            
32  10  15  false7.000000            
33  7   18  false13.000000           
34  7   21  false16.000000           
35  9   22  false15.000000           
36  12  13  false5.000000            
37  10  23  false15.000000           
38  9   22  false15.000000           
39  9   20  false13.000000           
40  12  16  false6.000000            
41  8   14  false8.000000            
42  11  23  false14.000000           
43  9   15  false8.000000            
44  9   15  true 25.000000           
45  10  22  true 25.000000           
46  7   20  false15.000000           
47  10  18  false10.000000           
48  7   16  false11.000000           
49  7   18  false13.000000           
50  11  20  true 25.000000           
51  8   19  false13.000000           
52  8   13  false7.000000            
53  11  22  false13.000000           
54  12  19  false9.000000            
55  8   19  false13.000000           
56  11  0   false0.000000            
57  9   21  false14.000000           
58  7   14  false9.000000            
59  9   17  false10.000000           
60  8   14  false8.000000            
61  7   19  false14.000000           
62  7   17  false12.000000           
63  10  14  false6.000000            
64  12  22  false12.000000           
65  10  23  false15.000000           
66  11  0   false0.000000            
67  10  22  false14.000000           
68  10  13  false5.000000            
69  11  18  false9.000000            
70  11  18  false9.000000            
71  9   0   false0.000000            
72  10  17  false9.000000            
73  7   16  false11.000000           
74  12  22  false12.000000           
75  8   19  false13.000000           
76  10  0   false0.000000            
77  8   0   false0.000000            
78  12  18  false8.000000            
79  10  20  false12.000000           
80  8   15  false9.000000            
81  8   23  false15.000000           
82  7   16  false11.000000           
83  10  21  false13.000000           
84  9   0   false0.000000            
85  10  0   false0.000000            
86  8   21  false15.000000           
87  7   0   false0.000000            
88  11  0   false0.000000            
89  10  0   false0.000000            
90  7   22  false15.000000           
91  8   16  false10.000000           
92  11  0   false0.000000            
93  7   18  false13.000000           
94  12  0   false0.000000            
95  8   0   false0.000000            
96  10  0   false0.000000            
97  12  0   false0.000000            
98  10  20  false12.000000           
99  8   22  false15.000000           
100 7   0   false0.000000            
101 11  17  false8.000000            
102 10  0   false0.000000            
103 10  23  false15.000000           
104 10  0   false0.000000            
105 8   0   false0.000000            
106 9   0   false0.000000            
